1.016 28 1 9 2
1.046 16 1 11 1
1.068 24 1 12 4
1.079 26 1 9 0
1.083 30 1 10 1
1.084 27 1 11 2
1.089 31 1 9 4
1.107 29 1 11 7
1.111 25 1 11 0
1.134 13 1 12 0
1.138 21 1 12 2
1.144 20 1 10 3
1.153 19 1 11 3
1.157 22 1 12 5
1.158 14 1 10 0
1.161 23 1 9 6
1.165 12 1 10 5
1.171 8 1 11 4
1.175 18 1 9 1
1.184 15 1 10 2
1.196 17 1 9 3
1.209 5 1 12 1
1.214 11 1 11 5
1.215 4 1 12 6
1.216 9 1 10 4
1.226 2 1 12 3
1.231 6 1 10 6
1.239 0 1 9 5
1.241 7 1 9 7
1.250 3 1 12 7
1.254 10 1 10 7
1.279 1 1 11 6
4.095 29 0 11 7
4.121 29 1 5 5
4.138 23 0 9 6
4.143 7 0 9 7
4.169 23 1 5 6
4.176 10 0 10 7
4.178 7 1 5 0
4.205 10 1 5 4
4.206 6 0 10 6
4.217 6 1 5 1
4.227 3 0 12 7
4.241 1 0 11 6
4.250 1 1 5 2
4.256 3 1 5 3
12.098 12 0 10 5
12.117 12 1 1 2
12.117 23 0 5 6
12.152 11 0 11 5
12.156 23 1 1 4
12.158 4 0 12 6
12.164 11 1 1 3
12.175 4 1 1 0
12.199 0 0 9 5
12.202 0 1 1 1
14.107 12 0 1 2
14.118 23 0 1 4
14.121 12 1 10 5
14.149 23 1 5 6
14.156 11 0 1 3
14.164 11 1 11 5
14.185 4 0 1 0
14.208 0 0 1 1
14.215 4 1 12 6
14.219 0 1 9 5
19.089 29 0 5 5
19.119 29 1 11 7
19.131 23 0 5 6
19.154 23 1 9 6
19.174 10 0 5 4
19.184 7 0 5 0
19.194 7 1 9 7
19.199 10 1 10 7
19.204 6 0 5 1
19.215 3 0 5 3
19.216 6 1 10 6
19.220 1 0 5 2
19.220 3 1 12 7
19.234 1 1 11 6
20.078 29 0 11 7
20.114 29 1 2 4
20.127 23 0 9 6
20.144 7 0 9 7
20.149 23 1 2 2
20.170 10 0 10 7
20.173 7 1 2 0
20.193 10 1 2 1
20.202 6 0 10 6
20.206 3 0 12 7
20.230 6 1 2 3
20.239 3 1 2 5
28.181 4 0 12 6
28.184 1 0 11 6
28.193 4 1 3 1
28.198 1 1 3 0
28.204 0 0 9 5
28.225 0 1 3 2
31.088 29 0 2 4
31.116 29 1 11 7
31.127 23 0 2 2
31.140 23 1 9 6
31.172 10 0 2 1
31.179 10 1 10 7
31.180 4 0 3 1
31.181 7 0 2 0
31.191 4 1 12 6
31.201 1 0 3 0
31.201 7 1 9 7
31.202 6 0 2 3
31.206 0 0 3 2
31.211 3 0 2 5
31.213 6 1 10 6
31.215 3 1 12 7
31.216 1 1 11 6
31.222 0 1 9 5
36.145 7 0 9 7
36.166 7 1 4 0
44.076 29 0 11 7
44.090 29 1 6 5
44.121 23 0 9 6
44.130 23 1 6 1
44.135 10 0 10 7
44.157 10 1 6 0
44.184 4 0 12 6
44.193 6 0 10 6
44.200 4 1 6 2
44.205 1 0 11 6
44.210 3 0 12 7
44.220 6 1 6 3
44.224 1 1 6 4
44.236 3 1 6 6
46.077 29 0 6 5
46.088 29 1 11 7
46.121 23 0 6 1
46.137 23 1 9 6
46.165 10 0 6 0
46.176 10 1 10 7
46.191 4 0 6 2
46.195 6 0 6 3
46.202 4 1 12 6
46.206 3 0 6 6
46.209 6 1 10 6
46.211 1 0 6 4
46.217 3 1 12 7
46.221 1 1 11 6
50.167 7 0 4 0
50.194 7 1 9 7
52.095 29 0 11 7
52.120 29 1 7 3
52.140 23 0 9 6
52.160 7 0 9 7
52.170 7 1 7 0
52.174 10 0 10 7
52.180 23 1 7 5
52.203 6 0 10 6
52.207 3 0 12 7
52.212 1 0 11 6
52.226 10 1 7 6
52.228 6 1 7 4
52.236 1 1 7 1
52.252 3 1 7 2
59.080 29 0 7 3
59.091 29 1 11 7
59.126 23 0 7 5
59.139 23 1 9 6
59.172 10 0 7 6
59.179 10 1 10 7
59.179 7 0 7 0
59.201 6 0 7 4
59.205 7 1 9 7
59.213 3 0 7 2
59.215 1 0 7 1
59.219 6 1 10 6
59.224 3 1 12 7
59.229 1 1 11 6
60.153 7 0 9 7
60.168 7 1 8 0
60.995 28 0 9 2
61.033 24 0 12 4
61.036 16 0 11 1
61.039 31 0 9 4
61.045 30 0 10 1
61.048 27 0 11 2
61.078 20 0 10 3
61.080 29 0 11 7
61.086 26 0 9 0
61.119 25 0 11 0
61.124 23 0 9 6
61.125 12 0 10 5
61.125 21 0 12 2
61.131 17 0 9 3
61.131 19 0 11 3
61.133 18 0 9 1
61.135 22 0 12 5
61.145 13 0 12 0
61.161 14 0 10 0
61.162 8 0 11 4
61.163 15 0 10 2
61.165 11 0 11 5
61.167 9 0 10 4
61.174 10 0 10 7
61.202 5 0 12 1
61.203 4 0 12 6
61.206 6 0 10 6
61.207 0 0 9 5
61.208 2 0 12 3
61.211 3 0 12 7
61.235 1 0 11 6
76.172 7 0 8 0
