1.3970 0 1 24125 0
1.4070 1 1 24125 1
1.4070 3 1 24125 3
1.4075 8 1 24125 8
1.4080 10 1 24125 10
1.4080 4 1 24125 4
1.4100 0 0 24125 0
1.4100 10 0 24125 10
1.4100 1 0 24125 1
1.4100 2 1 24125 2
1.4100 2 0 24125 2
1.4100 3 0 24125 3
1.4100 4 0 24125 4
1.4105 8 0 24125 8
1.4110 7 1 24125 7
1.4110 9 1 24125 9
1.4120 7 0 24125 7
1.4120 9 0 24125 9
1.4370 15 1 24126 0
1.4370 15 0 24126 0
1.4580 14 1 24127 0
1.4580 14 0 24127 0
1.4780 5 1 24128 0
1.4780 5 0 24128 0
1.5730 0 1 24125 0
1.5730 1 1 24125 1
1.5740 10 1 24125 10
1.5740 2 1 24125 2
1.5740 3 1 24125 3
1.5740 4 1 24125 4
1.5740 6 1 24125 6
1.5740 7 1 24125 7
1.5740 9 1 24125 9
1.5745 8 1 24125 8
1.5800 11 1 24125 5
1.5805 12 1 24125 12
1.5980 13 1 24125 11
1.6060 0 0 24125 0
1.6060 11 0 24125 5
1.6060 9 0 24125 9
1.6065 12 0 24125 12
1.6065 8 0 24125 8
1.6070 10 0 24125 10
1.6070 13 0 24125 11
1.6070 1 0 24125 1
1.6070 2 0 24125 2
1.6070 3 0 24125 3
1.6070 4 0 24125 4
1.6070 6 0 24125 6
1.6070 7 0 24125 7
1.6700 15 1 24126 0
1.6730 1 1 24126 1
1.6730 3 1 24126 3
1.6740 4 1 24126 4
1.6745 8 1 24126 8
1.6750 10 1 24126 10
1.6770 2 1 24126 2
1.6780 7 1 24126 7
1.6780 9 1 24126 9
1.6810 6 1 24126 6
1.6820 11 1 24126 11
1.6820 13 1 24126 5
1.6825 12 1 24126 12
1.7230 11 0 24126 11
1.7230 13 0 24126 5
1.7230 15 0 24126 0
1.7230 1 0 24126 1
1.7230 2 0 24126 2
1.7230 3 0 24126 3
1.7230 4 0 24126 4
1.7230 6 0 24126 6
1.7230 7 0 24126 7
1.7235 12 0 24126 12
1.7235 8 0 24126 8
1.7240 10 0 24126 10
1.7240 9 0 24126 9
1.7690 14 1 24127 0
1.7720 1 1 24127 1
1.7720 3 1 24127 3
1.7750 4 1 24127 4
1.7750 7 1 24127 7
1.7760 2 1 24127 2
1.7760 6 1 24127 6
1.7765 8 1 24127 8
1.7770 13 1 24127 5
1.7790 9 1 24127 9
1.7795 12 1 24127 12
1.7820 10 1 24127 10
1.7830 11 1 24127 11
1.8185 12 0 24127 12
1.8190 10 0 24127 10
1.8190 11 0 24127 11
1.8190 13 0 24127 5
1.8190 14 0 24127 0
1.8190 1 0 24127 1
1.8190 2 0 24127 2
1.8190 3 0 24127 3
1.8190 4 0 24127 4
1.8190 6 0 24127 6
1.8190 7 0 24127 7
1.8190 9 0 24127 9
1.8195 8 0 24127 8
1.8680 5 1 24128 0
1.8680 5 0 24128 0
1.8910 4 1 24129 0
1.8920 4 0 24129 0
1.9015 12 1 24130 0
1.9015 12 0 24130 0
1.9120 13 1 24131 0
1.9130 13 0 24131 0
1.9220 0 1 24132 0
1.9230 0 0 24132 0
1.9850 4 1 24129 0
1.9860 1 1 24129 1
1.9890 3 1 24129 3
1.9900 10 1 24129 4
1.9900 2 1 24129 2
1.9910 6 1 24129 6
1.9920 7 1 24129 7
1.9925 8 1 24129 8
1.9930 9 1 24129 9
1.9950 5 1 24129 5
1.9960 14 1 24129 10
2.0010 11 1 24129 11
2.0010 15 1 24129 12
2.0250 10 0 24129 4
2.0250 15 0 24129 12
2.0250 1 0 24129 1
2.0250 2 0 24129 2
2.0250 3 0 24129 3
2.0250 4 0 24129 0
2.0250 5 0 24129 5
2.0250 9 0 24129 9
2.0255 8 0 24129 8
2.0260 11 0 24129 11
2.0260 14 0 24129 10
2.0260 6 0 24129 6
2.0260 7 0 24129 7
2.0535 12 1 24130 0
2.0570 1 1 24130 1
2.0580 7 1 24130 7
2.0590 3 1 24130 3
2.0600 10 1 24130 4
2.0600 2 1 24130 2
2.0625 8 1 24130 8
2.0630 5 1 24130 5
2.0640 15 1 24130 10
2.0640 9 1 24130 9
2.0660 11 1 24130 11
2.0660 6 1 24130 6
2.0700 14 1 24130 12
2.1360 11 0 24130 11
2.1360 4 1 24129 0
2.1360 7 0 24130 7
2.1360 9 0 24130 9
2.1365 8 0 24130 8
2.1370 13 1 24131 0
2.1370 14 0 24130 12
2.1370 15 0 24130 10
2.1380 11 1 24129 1
2.1380 7 1 24129 2
2.1415 8 1 24129 3
2.1420 15 1 24129 6
2.1440 11 0 24129 1
2.1440 4 0 24129 0
2.1440 7 0 24129 2
2.1445 8 0 24129 3
2.1450 15 0 24129 6
2.1450 9 1 24129 5
2.1450 9 0 24129 5
2.1460 5 0 24130 5
2.1470 6 0 24130 6
2.1515 8 1 24131 2
2.1520 9 1 24131 1
2.1560 11 1 24131 3
2.1560 15 1 24131 4
2.1580 5 1 24130 5
2.1580 6 1 24130 6
2.1680 14 1 24131 6
2.1700 7 1 24131 5
2.1875 8 0 24131 2
2.1880 11 0 24131 3
2.1880 13 0 24131 0
2.1880 14 0 24131 6
2.1880 15 0 24131 4
2.1880 7 0 24131 5
2.1880 9 0 24131 1
2.1900 11 1 24130 11
2.1900 14 1 24130 12
2.1900 7 1 24130 7
2.1915 8 1 24130 8
2.1920 15 1 24130 10
2.1920 9 1 24130 9
2.2200 4 1 24129 0
2.2205 8 0 24130 8
2.2210 11 0 24130 11
2.2210 13 1 24131 0
2.2210 14 0 24130 12
2.2210 15 0 24130 10
2.2210 4 0 24129 0
2.2210 7 0 24130 7
2.2210 9 0 24130 9
2.2220 4 1 24129 0
2.2220 7 1 24129 2
2.2230 0 1 24132 0
2.2230 11 1 24129 1
2.2230 15 1 24129 6
2.2230 9 1 24129 5
2.2235 8 1 24129 3
2.2260 14 1 24129 4
2.2310 5 0 24130 5
2.2320 10 0 24130 4
2.2320 13 0 24131 0
2.2320 14 0 24129 4
2.2320 15 0 24129 6
2.2320 6 0 24130 6
2.2320 9 0 24129 5
2.2340 5 1 24132 1
2.2350 13 1 24131 0
2.2360 9 1 24131 1
2.2380 15 1 24132 2
2.2400 14 1 24131 3
2.2420 10 1 24132 3
2.2420 14 0 24131 3
2.2420 9 0 24131 1
2.2450 14 1 24129 4
2.2480 9 1 24132 4
2.2500 6 1 24130 4
2.2530 14 0 24129 4
2.2530 6 0 24130 4
2.2530 9 0 24132 4
2.2540 9 1 24131 1
2.2550 14 1 24131 3
2.2570 6 1 24131 2
2.3240 13 0 24131 0
2.3240 6 0 24131 2
2.3240 9 0 24131 1
2.3250 14 0 24131 3
2.3250 14 1 24129 4
2.3250 6 1 24130 4
2.3250 9 1 24132 4
2.3270 13 1 24131 0
2.3350 14 0 24129 4
2.3350 6 0 24130 4
2.3350 9 0 24132 4
2.3350 9 1 24131 1
2.3360 14 1 24131 3
2.3360 6 1 24131 2
2.3370 13 0 24131 0
2.3370 14 0 24131 3
2.3370 6 0 24131 2
2.3370 9 0 24131 1
2.3390 13 1 24131 0
2.3420 9 1 24131 1
2.3430 14 1 24131 3
2.3430 6 1 24131 2
2.3630 13 0 24131 0
2.3630 14 0 24131 3
2.3630 6 0 24131 2
2.3630 9 0 24131 1
2.3640 14 1 24129 4
2.3640 9 1 24132 4
2.3680 6 1 24130 4
2.3720 13 1 24131 0
2.3750 14 0 24129 4
2.3750 6 0 24130 4
2.3750 9 0 24132 4
2.3750 9 1 24131 1
2.3760 6 1 24131 2
2.3770 14 1 24131 3
2.3900 13 0 24131 0
2.3900 14 0 24131 3
2.3900 6 0 24131 2
2.3900 9 0 24131 1
2.3910 14 1 24129 4
2.3910 6 1 24130 4
2.3910 9 1 24132 4
2.3920 13 1 24131 0
2.4010 14 0 24129 4
2.4010 6 0 24130 4
2.4010 6 1 24131 2
2.4010 9 0 24132 4
2.4010 9 1 24131 1
2.4020 14 1 24131 3
2.4100 13 0 24131 0
2.4110 14 0 24131 3
2.4110 6 0 24131 2
2.4110 6 1 24130 4
2.4110 9 0 24131 1
2.4110 9 1 24132 4
2.4120 14 1 24129 4
2.4140 13 1 24131 0
2.4210 14 0 24129 4
2.4210 6 0 24130 4
2.4210 9 0 24132 4
2.4210 9 1 24131 1
2.4220 14 1 24131 3
2.4220 6 1 24131 2
2.4320 13 0 24131 0
2.4320 14 0 24131 3
2.4320 6 0 24131 2
2.4320 9 0 24131 1
2.4330 14 1 24129 4
2.4330 6 1 24130 4
2.4330 9 1 24132 4
2.4390 13 1 24131 0
2.4470 14 0 24129 4
2.4470 6 0 24130 4
2.4470 9 0 24132 4
2.4470 9 1 24131 1
2.4480 6 1 24131 2
2.4490 14 1 24131 3
2.4660 13 0 24131 0
2.4660 14 0 24131 3
2.4660 6 0 24131 2
2.4660 9 0 24131 1
2.4660 9 1 24132 4
2.4670 13 1 24131 0
2.4670 6 1 24130 4
2.4680 14 1 24129 4
2.4770 14 0 24129 4
2.4770 6 0 24130 4
2.4770 6 1 24131 2
2.4770 9 0 24132 4
2.4770 9 1 24131 1
2.4780 14 1 24131 3
2.5220 13 0 24131 0
2.5220 14 0 24131 3
2.5220 6 0 24131 2
2.5220 9 0 24131 1
2.5230 14 1 24129 4
2.5230 6 1 24130 4
2.5230 9 1 24132 4
2.5250 13 1 24131 0
2.5330 6 0 24130 4
2.5330 9 0 24132 4
2.5340 14 0 24129 4
2.5340 6 1 24131 2
2.5340 9 1 24131 1
2.5350 14 1 24131 3
2.5760 13 0 24131 0
2.5760 9 0 24131 1
2.5770 14 0 24131 3
2.5770 6 0 24131 2
2.5780 14 1 24129 4
2.5780 6 1 24130 4
2.5780 9 1 24132 4
2.5810 13 1 24131 0
2.5870 9 0 24132 4
2.5880 14 0 24129 4
2.5880 6 0 24130 4
2.5880 6 1 24131 2
2.5880 9 1 24131 1
2.5900 14 1 24131 3
2.6400 13 0 24131 0
2.6400 14 0 24131 3
2.6400 6 0 24131 2
2.6400 9 0 24131 1
2.6410 14 1 24129 4
2.6410 6 1 24130 4
2.6410 9 1 24132 4
2.6430 13 1 24131 0
2.6495 12 0 24130 0
2.6500 1 0 24130 1
2.6500 2 0 24130 2
2.6500 3 0 24130 3
2.6500 6 0 24130 4
2.6520 13 0 24131 0
2.6520 6 1 24129 6
2.6525 12 1 24130 0
2.6550 13 1 24131 0
2.6550 1 1 24129 5
2.6570 2 1 24132 5
2.6600 3 1 24132 6
2.6630 14 0 24129 4
2.6630 1 0 24129 5
2.6630 1 1 24130 1
2.6630 6 0 24129 6
2.6630 6 1 24131 2
2.6630 9 0 24132 4
2.6630 9 1 24131 1
2.6640 14 1 24131 3
2.6640 2 0 24132 5
2.6640 3 0 24132 6
2.6650 2 1 24130 2
2.6650 3 1 24130 3
2.7055 12 0 24130 0
2.7060 1 0 24130 1
2.7060 2 0 24130 2
2.7060 3 0 24130 3
2.7100 2 1 24129 4
2.7105 12 1 24130 0
2.7150 1 1 24132 4
2.7170 2 0 24129 4
2.7170 2 1 24130 2
2.7210 1 0 24132 4
2.7220 1 1 24130 1
2.7230 3 1 24130 3
2.7365 12 0 24130 0
2.7370 1 0 24130 1
2.7370 2 0 24130 2
2.7370 3 0 24130 3
2.7380 1 1 24132 4
2.7380 2 1 24129 4
2.7405 12 1 24130 0
2.7420 3 1 24131 4
2.7480 1 0 24132 4
2.7480 1 1 24130 1
2.7480 2 0 24129 4
2.7480 2 1 24130 2
2.7480 3 0 24131 4
2.7490 3 1 24130 3
3.0265 12 0 24130 0
3.0270 1 0 24130 1
3.0270 2 0 24130 2
3.0270 3 0 24130 3
3.0280 1 1 24132 4
3.0280 2 1 24129 4
3.0280 3 1 24131 4
3.0295 12 1 24130 0
3.0380 1 0 24132 4
3.0380 2 0 24129 4
3.0380 3 0 24131 4
3.0390 1 1 24130 1
3.0390 2 1 24130 2
3.0390 3 1 24130 3
3.1060 13 0 24131 0
3.1060 6 0 24131 2
3.1060 9 0 24131 1
3.1070 14 0 24131 3
3.1070 6 1 24130 4
3.1080 14 1 24129 4
3.1080 9 1 24132 4
3.1090 13 1 24131 0
3.1170 9 0 24132 4
3.1180 14 0 24129 4
3.1180 14 1 24131 3
3.1180 6 0 24130 4
3.1180 6 1 24131 2
3.1180 9 1 24131 1
3.6190 15 0 24132 2
3.6190 5 0 24132 1
3.6200 0 0 24132 0
3.6200 10 0 24132 3
3.6200 10 1 24130 4
3.6200 15 1 24131 4
3.6250 0 1 24132 0
3.6250 5 1 24129 4
3.6300 10 0 24130 4
3.6300 15 0 24131 4
3.6300 15 1 24132 2
3.6300 5 0 24129 4
3.6300 5 1 24132 1
3.6310 10 1 24132 3
3.7645 12 0 24130 0
3.7650 1 0 24130 1
3.7650 2 0 24130 2
3.7650 3 0 24130 3
3.7660 13 0 24131 0
3.7660 9 0 24131 1
3.7665 12 1 24130 0
3.7670 14 0 24131 3
3.7670 2 1 24129 4
3.7670 6 0 24131 2
3.7670 9 1 24132 4
3.7700 13 1 24131 0
3.7710 14 1 24131 3
3.7710 3 1 24131 4
3.7710 6 1 24131 2
3.7760 14 0 24131 3
3.7760 1 1 24130 1
3.7760 3 0 24131 4
3.7760 6 0 24131 2
3.7770 3 1 24130 3
3.7780 6 1 24130 4
3.7790 14 1 24130 2
3.7870 2 0 24129 4
3.7870 6 0 24130 4
3.7870 6 1 24131 2
3.7870 9 0 24132 4
3.7870 9 1 24131 1
3.8020 2 1 24131 3
4.7720 1 0 24130 1
4.7720 3 0 24130 3
4.7725 12 0 24130 0
4.7730 14 0 24130 2
4.7730 1 1 24132 4
4.7740 3 1 24131 4
4.7760 14 1 24129 4
4.7775 12 1 24130 0
4.7830 14 0 24129 4
4.7830 1 0 24132 4
4.7840 14 1 24130 2
4.7840 1 1 24130 1
4.7850 3 0 24131 4
4.7850 3 1 24130 3
4.8440 13 0 24131 0
4.8440 9 0 24131 1
4.8450 2 0 24131 3
4.8450 6 0 24131 2
4.8460 13 1 24131 0
4.8460 2 1 24129 4
4.8460 6 1 24130 4
4.8460 9 1 24132 4
4.8550 9 0 24132 4
4.8560 2 0 24129 4
4.8560 6 0 24130 4
4.8560 6 1 24131 2
4.8560 9 1 24131 1
4.8570 2 1 24131 3
5.1260 15 0 24132 2
5.1260 5 0 24132 1
5.1270 0 0 24132 0
5.1270 10 0 24132 3
5.1270 15 1 24131 4
5.1280 10 1 24130 4
5.1280 5 1 24129 4
5.1480 0 1 24132 0
5.1480 5 0 24129 4
5.1490 5 1 24132 1
5.1500 10 0 24130 4
5.1500 10 1 24132 3
5.1500 15 0 24131 4
5.1500 15 1 24132 2
5.4885 12 0 24130 0
5.4890 14 0 24130 2
5.4890 1 0 24130 1
5.4890 3 0 24130 3
5.4900 1 1 24132 4
5.4900 3 1 24131 4
5.4910 14 1 24129 4
5.4935 12 1 24130 0
5.5000 1 0 24132 4
5.5000 3 0 24131 4
5.5010 14 0 24129 4
5.5010 14 1 24130 2
5.5010 1 1 24130 1
5.5010 3 1 24130 3
5.5055 12 0 24130 0
5.5060 14 0 24130 2
5.5060 1 0 24130 1
5.5060 3 0 24130 3
5.5095 12 1 24130 0
5.5110 1 1 24130 1
5.5110 3 1 24130 3
5.5120 14 1 24130 2
6.1790 13 0 24131 0
6.1790 6 0 24131 2
6.1790 9 0 24131 1
6.1800 2 0 24131 3
6.1800 2 1 24129 4
6.1800 9 1 24132 4
6.1810 6 1 24130 4
6.1820 13 1 24131 0
6.1900 6 0 24130 4
6.1900 9 0 24132 4
6.1900 9 1 24131 1
6.1910 6 1 24131 2
6.1920 2 0 24129 4
6.1920 2 1 24131 3
6.5890 13 0 24131 0
6.5890 6 0 24131 2
6.5890 9 0 24131 1
6.5900 2 0 24131 3
6.5900 2 1 24129 4
6.5900 6 1 24130 4
6.5900 9 1 24132 4
6.5910 13 1 24131 0
6.6000 2 0 24129 4
6.6000 6 0 24130 4
6.6000 6 1 24131 2
6.6000 9 0 24132 4
6.6000 9 1 24131 1
6.6010 2 1 24131 3
9.4465 12 0 24130 0
9.4470 14 0 24130 2
9.4470 1 0 24130 1
9.4480 1 1 24132 4
9.4480 3 0 24130 3
9.4480 3 1 24131 4
9.4490 14 1 24129 4
9.4495 12 1 24130 0
9.4580 1 0 24132 4
9.4580 3 0 24131 4
9.4590 14 0 24129 4
9.4590 14 1 24130 2
9.4590 1 1 24130 1
9.4600 3 1 24130 3
11.6025 12 0 24130 0
11.6030 14 0 24130 2
11.6030 1 0 24130 1
11.6030 3 0 24130 3
11.6040 14 1 24129 4
11.6040 1 1 24132 4
11.6040 3 1 24131 4
11.6065 12 1 24130 0
11.6130 3 0 24131 4
11.6140 14 0 24129 4
11.6140 1 0 24132 4
11.6140 1 1 24130 1
11.6150 14 1 24130 2
11.6150 3 1 24130 3
16.4685 12 0 24130 0
16.4690 1 0 24130 1
16.4690 3 0 24130 3
16.4700 14 0 24130 2
16.4700 14 1 24129 4
16.4700 1 1 24132 4
16.4700 3 1 24131 4
16.4715 12 1 24130 0
16.4800 14 0 24129 4
16.4800 1 0 24132 4
16.4800 3 0 24131 4
16.4810 14 1 24130 2
16.4810 1 1 24130 1
16.4810 3 1 24130 3
16.5910 1 0 24130 1
16.5910 3 0 24130 3
16.5915 12 0 24130 0
16.5920 14 0 24130 2
16.5930 14 1 24129 4
16.5930 1 1 24132 4
16.5930 3 1 24131 4
16.5945 12 1 24130 0
16.6030 14 0 24129 4
16.6030 14 1 24130 2
16.6030 1 0 24132 4
16.6030 1 1 24130 1
16.6030 3 0 24131 4
16.6040 3 1 24130 3
20.9290 11 0 24129 1
20.9290 7 0 24129 2
20.9295 8 0 24129 3
20.9300 4 0 24129 0
20.9320 4 1 24129 0
20.9325 8 1 24130 4
20.9340 7 1 24131 4
20.9400 11 1 24132 4
20.9410 7 0 24131 4
20.9410 7 1 24129 2
20.9415 8 0 24130 4
20.9420 11 0 24132 4
20.9430 11 1 24129 1
20.9465 8 1 24129 3
21.9040 0 0 24132 0
21.9040 10 0 24132 3
21.9040 15 0 24132 2
21.9040 5 0 24132 1
21.9050 10 1 24130 4
21.9050 15 1 24131 4
21.9050 5 1 24129 4
21.9060 0 1 24132 0
21.9060 13 0 24131 0
21.9060 15 0 24131 4
21.9060 2 0 24131 3
21.9060 6 0 24131 2
21.9060 9 0 24131 1
21.9070 13 1 24131 0
21.9090 2 1 24131 2
21.9100 15 1 24131 1
21.9140 2 0 24131 2
21.9150 15 0 24131 1
21.9160 15 1 24132 2
21.9190 9 1 24132 4
21.9210 2 1 24132 3
21.9220 6 1 24132 1
21.9250 5 0 24129 4
21.9250 9 0 24132 4
21.9260 10 0 24130 4
21.9270 9 1 24131 1
21.9430 10 1 24131 2
21.9440 5 1 24131 3
30.9615 12 0 24130 0
30.9620 14 0 24130 2
30.9620 1 0 24130 1
30.9620 3 0 24130 3
30.9630 14 1 24129 4
30.9630 1 1 24132 4
30.9630 3 1 24131 4
30.9645 12 1 24130 0
30.9730 14 0 24129 4
30.9730 1 0 24132 4
30.9730 1 1 24130 1
30.9730 3 0 24131 4
30.9740 14 1 24130 2
30.9740 3 1 24130 3
35.1665 12 0 24130 0
35.1670 14 0 24130 2
35.1670 1 0 24130 1
35.1670 3 0 24130 3
35.1680 14 1 24129 4
35.1680 1 1 24132 4
35.1680 3 1 24131 4
35.1705 12 1 24130 0
35.1770 1 0 24132 4
35.1770 3 0 24131 4
35.1780 14 0 24129 4
35.1780 1 1 24130 1
35.1780 3 1 24130 3
35.1790 14 1 24130 2
36.8960 13 0 24131 0
36.8960 5 0 24131 3
36.8960 9 0 24131 1
36.8970 10 0 24131 2
36.8970 10 1 24130 4
36.8970 5 1 24129 4
36.8970 9 1 24132 4
36.9000 13 1 24131 0
36.9070 5 0 24129 4
36.9070 9 0 24132 4
36.9080 10 0 24130 4
36.9080 10 1 24131 2
36.9080 5 1 24131 3
36.9080 9 1 24131 1
39.6400 11 0 24129 1
39.6400 4 0 24129 0
39.6400 7 0 24129 2
39.6400 7 1 24131 4
39.6405 8 0 24129 3
39.6410 11 1 24132 4
39.6415 8 1 24130 4
39.6420 4 1 24129 0
39.6500 11 0 24132 4
39.6500 7 0 24131 4
39.6505 8 0 24130 4
39.6510 11 1 24129 1
39.6510 7 1 24129 2
39.6515 8 1 24129 3
42.3945 12 0 24130 0
42.3950 14 0 24130 2
42.3950 1 0 24130 1
42.3950 3 0 24130 3
42.3960 14 1 24129 4
42.3960 1 1 24132 4
42.3960 3 1 24131 4
42.3965 12 1 24130 0
42.4060 14 0 24129 4
42.4060 14 1 24130 2
42.4060 1 0 24132 4
42.4060 1 1 24130 1
42.4060 3 0 24131 4
42.4070 3 1 24130 3
46.2750 0 0 24132 0
46.2750 15 0 24132 2
46.2750 2 0 24132 3
46.2750 6 0 24132 1
46.2760 2 1 24129 4
46.2760 6 1 24130 4
46.2770 0 1 24132 0
46.2780 15 1 24131 4
46.2860 15 0 24131 4
46.2860 2 0 24129 4
46.2860 6 0 24130 4
46.2870 15 1 24132 2
46.2870 2 1 24132 3
46.2870 6 1 24132 1
46.4210 0 0 24132 0
46.4210 15 0 24132 2
46.4210 2 0 24132 3
46.4210 6 0 24132 1
46.4220 15 1 24131 4
46.4220 2 1 24129 4
46.4220 6 1 24130 4
46.4225 12 0 24130 0
46.4230 14 0 24130 2
46.4230 1 0 24130 1
46.4230 3 0 24130 3
46.4230 6 0 24130 4
46.4240 0 1 24132 0
46.4245 12 1 24130 0
46.4250 1 1 24130 1
46.4260 3 1 24130 3
46.4280 6 1 24130 4
46.4320 1 0 24130 1
46.4320 3 0 24130 3
46.4330 1 1 24132 4
46.4330 6 0 24130 4
46.4330 6 1 24132 1
46.4340 3 1 24132 3
46.4420 14 1 24132 2
46.4460 1 0 24132 4
46.4460 2 0 24129 4
46.4470 15 0 24131 4
46.4470 1 1 24130 1
46.4480 2 1 24130 2
46.4520 15 1 24130 3
61.4255 12 0 24130 0
61.4260 15 0 24130 3
61.4260 1 0 24130 1
61.4260 2 0 24130 2
61.4270 15 1 24131 4
61.4270 1 1 24132 4
61.4270 2 1 24129 4
61.4455 12 1 24132 5
75.7740 13 0 24131 0
75.7740 15 0 24131 4
75.7740 5 0 24131 3
75.7740 9 0 24131 1
75.7750 10 0 24131 2
75.7750 15 1 24129 6
75.7750 9 1 24129 5
75.7760 13 1 24131 0
75.7790 10 1 24129 7
75.7790 5 1 24132 6
75.7850 10 0 24129 7
75.7850 15 0 24129 6
75.7850 5 0 24132 6
75.7850 9 0 24129 5
75.7860 10 1 24131 2
75.7860 15 1 24131 4
75.7860 5 1 24131 3
75.7860 9 1 24131 1
78.4350 7 0 24129 2
78.4355 8 0 24129 3
78.4360 11 0 24129 1
78.4360 2 0 24129 4
78.4360 4 0 24129 0
78.4370 7 1 24131 7
78.4375 8 1 24131 6
78.4380 4 1 24129 0
78.4420 11 1 24132 6
78.4420 2 1 24131 5
78.4460 11 0 24132 6
78.4460 2 0 24131 5
78.4460 7 0 24131 7
78.4460 7 1 24129 2
78.4465 8 0 24131 6
78.4470 11 1 24129 1
78.4475 8 1 24129 3
78.4480 2 1 24129 4
84.4855 12 0 24132 5
84.4860 0 0 24132 0
84.4860 14 0 24132 2
84.4860 1 0 24132 4
84.4860 3 0 24132 3
84.4870 1 1 24129 5
84.4870 6 0 24132 1
84.4870 6 1 24129 6
84.4880 14 1 24131 5
84.4920 3 1 24131 6
84.4960 0 1 24132 0
84.4980 3 0 24131 6
84.4990 14 0 24131 5
84.4990 14 1 24132 2
84.4990 1 0 24129 5
84.4995 12 1 24132 5
84.5000 6 0 24129 6
84.5000 6 1 24132 1
84.5010 1 1 24132 4
84.5010 3 1 24132 3
99.4955 12 0 24132 5
99.4960 0 0 24132 0
99.4960 14 0 24132 2
99.4960 1 0 24132 4
99.4960 1 1 24129 5
99.4960 3 0 24132 3
99.4960 3 1 24131 6
99.4960 6 0 24132 1
99.4970 6 1 24129 6
99.4980 14 1 24131 5
99.5075 12 1 24129 7
99.5480 0 1 24131 7
102.2045 12 0 24129 7
102.2050 11 0 24129 1
102.2050 1 0 24129 5
102.2050 2 0 24129 4
102.2050 4 0 24129 0
102.2050 6 0 24129 6
102.2050 7 0 24129 2
102.2055 8 0 24129 3
102.2055 8 1 24131 8
102.2060 11 1 24131 11
102.2070 6 1 24131 9
102.2080 2 1 24131 13
102.2080 4 1 24129 0
102.2100 7 1 24131 10
102.2160 11 0 24131 11
102.2160 11 1 24129 1
102.2160 2 0 24131 13
102.2160 6 0 24131 9
102.2160 7 0 24131 10
102.2160 7 1 24129 2
102.2165 12 1 24129 7
102.2165 8 0 24131 8
102.2170 2 1 24129 4
102.2175 8 1 24129 3
102.2180 6 1 24129 6
102.2190 1 1 24129 5
117.2080 1 0 24129 5
117.2080 4 0 24129 0
117.2080 7 0 24129 2
117.2085 12 0 24129 7
117.2085 8 0 24129 3
117.2090 11 0 24129 1
117.2090 11 1 24131 11
117.2090 2 0 24129 4
117.2090 2 1 24131 13
117.2090 6 0 24129 6
117.2090 7 1 24131 10
117.2095 8 1 24131 8
117.2100 6 1 24131 9
117.2185 12 1 24131 12
117.2280 1 1 24131 14
117.2460 4 1 24131 15
131.6195 12 0 24131 12
131.6200 0 0 24131 7
131.6200 10 0 24131 2
131.6200 11 0 24131 11
131.6200 13 0 24131 0
131.6200 14 0 24131 5
131.6200 15 0 24131 4
131.6200 1 0 24131 14
131.6200 2 0 24131 13
131.6200 3 0 24131 6
131.6200 5 0 24131 3
131.6200 6 0 24131 9
131.6200 7 0 24131 10
131.6200 9 0 24131 1
131.6205 8 0 24131 8
131.6210 4 0 24131 15
